#main
31440046
31440046
31440046
18236002
18236002
18236002
55725117
55725117
55725117
81119816
81119816
81119816
73642296
73642296
67750322
59438930
59438930
59438930
94145021
94145021
43664494
43664494
16269385
16269385
16269385
1845204
83764719
2295440
24094653
24094653
67169062
67169062
73628505
95238394
76647978
93600443
93600443
79059098
79059098
15447747
#extra
81997228
18514525
44509529
62624486
22093873
29095552
70875686
43886072
43886072
17382973
17382973
25725326
25725326
70369116
!side
